Filetype: IR signals file
Version: 1
# 
name: Off
type: raw
frequency: 38000
duty_cycle: 0.330000
data: 3947 1354 571 1212 571 1211 572 473 573 478 568 502 544 1214 569 475 571 474 572 1212 571 1239 544 476 570 1239 544 475 571 502 544 1212 571 1211 572 475 571 1212 571 1212 571 474 572 474 572 1212 571 478 568 474 572 1211 572 474 572 474 572 473 573 476 570 476 570 473 573 476 570 502 544 474 572 475 571 477 569 475 571 474 572 474 572 475 571 473 573 474 572 474 572 474 572 474 572 1212 571 473 573 473 573 1212 571 1212 571 475 571 502 544 476 570 477 569 475 571 474 572 502 544 1213 570 1214 569 474 572 474 572 475 571 476 570 474 572 1211 572 1212 571 476 570 1211 572 475 571 477 569 475 571 476 570 476 570 478 568 474 572 476 570 475 571 475 571 476 570 476 570 477 569 476 570 475 571 476 570 474 572 474 572 475 571 475 571 1212 571 475 571 475 571 476 570 474 572 475 571 475 571 477 569 475 571 474 572 1214 569 475 571 475 571 477 569 476 570 475 571 475 571 1211 571 1212 571 1212 570 475 571 475 571 1213 570 474 572
# 
name: On21
type: raw
frequency: 38000
duty_cycle: 0.330000
data: 3851 1449 570 1212 571 1211 572 476 570 473 573 474 572 1211 572 477 569 475 571 1212 571 1214 570 502 544 1213 570 475 571 477 569 1212 571 1211 572 474 572 1212 571 1215 568 474 572 476 570 1212 571 476 569 475 571 1213 569 475 571 474 572 473 573 476 569 477 569 476 570 476 570 476 570 476 570 474 572 477 569 474 572 475 571 475 571 475 571 475 571 475 571 1213 570 475 571 476 570 1212 571 475 571 475 570 1212 571 1213 570 476 570 476 570 474 572 475 571 475 571 474 572 476 570 1213 570 475 571 1211 572 474 572 476 570 475 571 475 571 1214 569 1212 570 475 570 1213 570 475 571 475 571 476 570 475 571 477 569 476 569 475 571 476 570 476 570 474 572 476 570 475 570 474 572 476 570 475 571 474 572 475 571 475 571 475 571 474 571 1212 570 474 571 476 570 474 571 475 570 475 570 476 570 475 570 475 571 474 571 1212 571 475 570 475 571 475 571 475 571 476 570 475 571 1212 571 1212 571 475 571 1212 571 475 571 1212 571 475 571
# 
name: 22
type: raw
frequency: 38000
duty_cycle: 0.330000
data: 3957 1342 571 1212 570 1211 571 475 570 474 572 473 573 1211 572 475 571 475 571 1239 543 1211 572 473 573 1212 570 474 572 474 572 1212 570 1212 571 474 572 1211 572 1211 572 474 571 474 572 1212 570 477 569 475 570 1239 543 474 572 474 572 475 571 476 570 476 569 474 572 475 571 474 572 476 570 474 572 474 572 475 571 474 572 474 571 475 571 475 570 474 571 1210 572 473 572 474 572 1213 569 474 571 475 570 1212 570 1213 569 474 572 475 571 476 569 475 571 475 570 479 566 1212 570 475 570 473 572 1211 571 501 544 478 568 475 570 475 571 1211 571 1212 570 475 570 1212 570 476 569 474 572 474 571 475 570 474 572 475 571 474 572 475 571 474 572 476 570 475 571 475 571 477 568 476 570 475 571 474 572 476 569 476 570 474 572 475 571 1215 568 476 570 474 572 474 572 475 571 476 570 474 572 476 570 476 570 475 571 1213 570 475 571 1212 571 476 570 475 571 476 570 1211 571 476 570 1213 569 475 571 476 570 1212 571 1211 571 475 571
# 
name: 23
type: raw
frequency: 38000
duty_cycle: 0.330000
data: 3956 1343 571 1214 569 1213 570 475 571 476 570 473 573 1212 571 475 571 474 572 1214 569 1211 572 474 571 1212 571 473 573 473 573 1212 571 1212 571 476 570 1213 569 1212 571 474 572 474 572 1212 571 478 568 475 571 1211 572 502 544 474 572 474 572 475 571 474 572 476 570 478 568 474 572 476 569 476 570 476 570 479 567 474 572 476 569 476 570 475 571 475 571 1210 572 475 571 474 572 1211 572 474 572 473 573 1212 571 1212 571 474 572 476 570 474 572 502 544 475 571 473 573 476 570 473 573 474 572 1211 572 477 569 473 573 476 570 474 572 1212 571 1211 572 476 570 1212 571 475 571 474 572 474 572 475 571 476 570 475 571 474 572 474 572 474 572 476 570 474 572 475 571 475 571 475 571 474 572 474 572 474 572 476 570 477 568 475 571 1212 571 478 568 476 570 477 569 502 544 477 569 474 572 474 572 475 571 477 569 1239 544 475 571 1213 570 475 571 474 572 474 572 475 571 476 570 1212 571 475 571 475 571 1211 572 1212 571 476 570
# 
name: 24
type: raw
frequency: 38000
duty_cycle: 0.330000
data: 3854 1451 569 1211 572 1214 569 473 573 476 570 475 571 1214 569 475 571 475 571 1213 571 1214 569 476 570 1214 569 474 572 502 544 1212 571 1214 569 477 569 1213 570 1212 571 477 569 475 571 1212 571 474 572 475 571 1240 543 473 573 474 572 476 570 476 570 474 572 474 572 475 571 475 571 474 572 475 571 474 572 474 572 475 571 476 570 474 572 474 572 475 571 1211 572 475 571 475 571 1212 571 476 570 475 571 1213 570 1212 571 474 572 475 571 476 570 475 571 474 572 475 571 1213 570 1211 572 1212 571 475 571 475 571 475 571 477 569 502 544 1213 570 1213 570 474 572 1214 569 475 571 475 571 476 570 476 570 475 571 475 571 475 571 475 571 475 571 474 572 475 571 476 570 474 572 477 569 475 571 475 571 475 571 475 571 474 572 477 569 1213 570 475 571 474 572 475 571 474 572 474 572 476 570 475 571 475 571 475 571 1211 572 474 572 1213 570 475 571 476 570 476 570 1212 571 1213 570 476 570 473 573 476 570 1212 571 1212 571 475 571
# 
name: 25
type: raw
frequency: 38000
duty_cycle: 0.330000
data: 3931 1345 570 1210 573 1214 569 476 570 475 571 475 571 1213 570 476 570 476 570 1212 571 1213 570 476 570 1212 571 473 573 477 569 1211 572 1212 571 474 572 1212 571 1211 572 474 572 474 572 1212 571 474 572 474 572 1212 571 476 570 476 570 474 572 478 568 475 571 475 571 474 572 475 571 474 572 473 573 475 571 476 570 502 544 475 571 475 571 474 572 477 569 1213 570 474 572 475 571 1213 570 475 571 475 571 1212 571 1239 544 475 571 477 569 476 570 475 571 475 571 476 570 475 571 1212 571 1211 572 474 572 475 571 473 573 476 570 475 571 1211 572 1211 572 475 571 1212 571 475 571 476 570 478 568 475 571 502 544 475 571 477 569 474 572 476 570 474 572 476 570 502 544 475 571 475 571 475 571 502 544 475 571 475 571 476 570 474 572 1212 571 474 572 476 570 474 572 475 571 475 571 474 572 475 571 475 571 477 569 1214 569 475 571 1212 571 477 569 476 570 502 544 476 570 1213 570 474 572 475 571 476 570 1211 572 1212 571 474 572
# 
name: Dry
type: raw
frequency: 38000
duty_cycle: 0.330000
data: 3959 1343 571 1212 571 1212 571 473 573 474 572 474 572 1214 569 474 572 477 569 1211 572 1213 570 476 570 1210 573 474 572 475 571 1211 572 1211 572 475 571 1212 571 1212 571 476 570 474 572 1212 571 473 573 475 571 1211 572 476 570 475 571 502 544 475 571 502 544 475 571 474 572 474 572 474 572 474 572 476 570 475 571 476 570 474 572 502 544 474 572 474 572 1213 570 475 571 475 571 1214 569 476 570 475 571 475 571 1213 570 476 570 474 572 474 572 476 570 476 570 474 572 1212 571 1212 571 1209 574 473 573 474 572 476 570 478 568 473 573 1211 572 1212 571 475 571 1212 571 474 572 474 572 478 568 475 571 474 572 474 572 477 569 477 569 475 571 474 572 477 569 474 572 475 571 475 571 476 570 474 572 474 572 474 572 477 569 474 572 1213 569 476 570 476 570 475 570 475 571 475 571 474 572 473 573 502 544 474 572 477 569 1212 570 477 568 477 569 477 569 476 570 476 570 1213 570 1212 571 474 572 1212 571 475 571 1214 569 474 571
# 
name: Fan
type: raw
frequency: 38000
duty_cycle: 0.330000
data: 3956 1342 572 1211 572 1212 571 477 569 475 571 476 570 1239 544 475 571 474 572 1211 572 1212 571 475 571 1213 570 502 544 478 568 1211 572 1212 570 475 571 1212 571 1213 570 478 568 474 572 1214 568 472 573 478 568 1212 571 473 573 474 572 475 571 474 572 476 570 476 570 502 544 475 571 474 572 474 572 478 568 474 572 474 572 476 570 477 569 473 573 475 571 1210 573 476 570 476 570 1211 572 477 569 475 571 1212 571 1239 544 1212 571 474 572 474 572 475 571 473 573 476 570 1215 568 1213 570 1212 571 474 572 473 573 475 571 475 571 474 572 1211 572 1213 570 475 571 1212 571 476 570 476 570 475 571 475 571 476 570 476 570 476 569 476 570 476 570 474 571 473 573 475 571 474 572 474 572 474 572 475 571 476 570 475 571 475 571 475 571 1212 571 476 570 473 573 476 570 476 570 475 571 475 571 476 570 474 572 475 571 475 571 1213 569 477 569 474 571 473 573 474 572 1211 572 1210 573 474 572 1212 571 1213 570 475 571 1212 571 476 570
